0: -1
1: 101 -1
2: 137 138 139 140 141 142 1 145 146 147 148 -1
3: 152 -1
4: 160 161 162 163 164 -1
5: -1
6: -1
7: 178 -1
8: 183 195 196 197 198 -1
9: 202 -1
10: 208 210 213 214 216 218 225 226 234 235 238 239 240 241 242 -1
11: 251 252 253 254 255 256 257 258 259 260 261 262 263 264 265 266 267 268 269 270 271 272 -1
12: 283 284 285 286 287 288 289 290 291 292 293 294 295 296 297 -1
13: 304 305 306 307 -1
14: 309 310 311 312 -1
15: 314 -1
16: 317 318 319 320 321 322 323 324 325 326 327 328 329 330 331 332 333 334 335 336 337 338 339 340 341 342 343 344 345 346 347 348 349 350 153 351 352 353 183 307 -1
17: 355 356 357 358 359 363 -1
18: 370 371 373 -1
19: 376 -1
20: 379 380 381 382 383 384 0 385 386 387 388 389 390 391 392 393 394 395 396 397 398 399 400 401 402 403 404 405 -1
21: -1
22: 408 409 410 411 412 -1
23: 12 283 284 -1
24: 413 414 415 403 0 416 -1
25: 420 421 422 423 -1
26: 424 425 -1
27: 426 -1
28: 427 -1
29: 432 434 436 305 -1
30: 0 -1
31: 439 361 -1
32: -1
33: -1
34: 441 -1
35: 335 336 -1
36: 442 -1
37: 443 -1
38: 444 445 446 447 448 449 -1
39: 450 451 452 453 -1
40: 0 454 -1
41: 455 456 -1
42: 457 -1
43: 458 -1
44: 286 -1
45: 441 -1
46: 461 0 462 463 -1
47: 466 467 468 469 470 471 472 473 474 179 475 476 477 478 479 480 481 482 -1
48: -1
49: 519 520 521 522 523 524 525 526 527 528 529 530 532 533 535 536 -1
50: 58 -1
51: 538 -1
52: 137 -1
53: 551 552 553 554 555 556 558 559 560 561 565 -1
54: 596 597 598 599 600 601 602 603 604 605 606 607 608 609 610 611 612 613 614 615 616 617 619 620 621 622 623 624 625 626 628 629 630 -1
55: -1
56: 669 670 -1
57: 671 672 678 679 682 683 684 685 686 687 688 689 696 697 698 -1
58: 706 707 -1
59: 708 709 713 714 715 716 717 718 719 720 721 722 723 724 725 726 727 728 729 730 731 -1
60: 739 740 741 742 743 744 745 746 747 748 749 750 751 752 753 754 755 756 757 758 759 760 761 762 763 764 765 766 767 768 769 770 771 772 773 774 775 776 777 778 -1
61: 785 -1
62: -1
63: 793 794 795 797 798 0 799 800 801 -1
64: 805 806 807 808 809 810 811 812 813 814 815 816 817 818 819 -1
65: 0 307 308 322 454 -1
66: 0 797 153 -1
67: 309 310 -1
68: 0 -1
69: 178 0 696 -1
70: 0 310 797 426 309 415 -1
71: 0 797 -1
72: 0 -1
73: 750 0 800 742 -1
74: 178 0 403 -1
75: 0 52 -1
76: 218 403 0 -1
77: 0 153 -1
78: 0 -1
79: 0 33 271 251 272 -1
80: 799 450 452 361 -1
81: 452 740 403 384 -1
82: 6 53 810 384 178 -1
83: 0 178 -1
84: 310 0 426 696 -1
85: 0 -1
86: 0 195 101 -1
87: 0 403 798 153 -1
88: 0 384 -1
89: 101 309 454 153 310 0 452 -1
90: 606 218 101 0 452 -1
91: 0 153 310 797 309 -1
92: 797 1 0 -1
93: 0 -1
94: 0 -1
95: 0 -1
96: 0 218 -1
97: 0 1 -1
98: 302 301 -1
99: 0 -1
100: 384 0 -1
101: -1
102: 1 426 -1
103: 1 -1
104: 1 -1
105: 1 -1
106: 1 0 -1
107: 1 -1
108: 310 1 328 329 -1
109: 351 153 310 797 309 798 1 0 384 76 667 218 -1
110: 1 -1
111: 1 -1
112: 459 532 109 554 1 0 218 -1
113: 0 452 1 403 792 310 -1
114: 1 -1
115: 1 -1
116: 1 -1
117: 1 -1
118: 1 -1
119: 1 -1
120: 1 -1
121: 1 -1
122: 1 0 309 310 452 454 349 326 153 182 331 -1
123: 1 52 -1
124: 1 -1
125: 101 1 309 310 -1
126: 1 -1
127: 1 -1
128: 1 -1
129: 1 -1
130: 1 -1
131: 1 -1
132: 1 0 -1
133: 1 -1
134: 137 350 -1
135: 0 52 313 195 -1
136: 1 -1
137: 101 -1
138: 101 -1
139: 101 -1
140: 101 -1
141: 101 -1
142: 101 -1
143: 138 -1
144: 147 148 -1
145: -1
146: -1
147: -1
148: -1
149: 147 317 146 148 -1
150: 2 -1
151: 2 -1
152: -1
153: -1
154: 696 -1
155: 3 178 -1
156: 3 -1
157: 152 3 153 154 -1
158: -1
159: 153 154 158 3 101 696 352 307 351 -1
160: -1
161: -1
162: -1
163: -1
164: 162 18 0 176 -1
165: 161 4 -1
166: 164 -1
167: 684 696 351 0 4 161 160 153 310 309 -1
168: 0 295 272 135 242 384 549 4 -1
169: 18 153 -1
170: 5 -1
171: 5 -1
172: 5 -1
173: 5 -1
174: 5 819 -1
175: 5 -1
176: -1
177: 54 606 629 634 451 6 379 0 -1
178: -1
179: 474 178 -1
180: 178 -1
181: 696 455 456 183 179 7 474 178 180 47 469 473 -1
182: 183 -1
183: -1
184: 183 -1
185: 183 -1
186: 183 -1
187: 183 -1
188: 183 444 -1
189: 183 -1
190: 183 -1
191: 183 -1
192: -1
193: 183 -1
194: 195 -1
195: -1
196: -1
197: -1
198: 353 -1
199: 183 -1
200: 460 353 187 188 189 191 192 193 8 -1
201: 1 0 8 -1
202: -1
203: -1
204: 9 112 109 -1
205: -1
206: 332 218 205 9 403 415 -1
207: 336 214 216 225 218 -1
208: -1
209: 336 210 -1
210: 101 455 -1
211: 336 -1
212: 234 -1
213: -1
214: -1
215: 336 -1
216: -1
217: 336 0 -1
218: -1
219: 336 -1
220: 336 -1
221: 336 -1
222: 336 -1
223: 336 -1
224: 336 -1
225: -1
226: -1
227: 336 -1
228: 336 -1
229: 336 -1
230: 336 -1
231: 336 -1
232: 336 -1
233: 336 -1
234: 451 342 -1
235: 336 207 153 0 205 310 -1
236: 336 -1
237: -1
238: -1
239: -1
240: 207 336 -1
241: -1
242: -1
243: 10 740 -1
244: 740 -1
245: 10 740 -1
246: 10 -1
247: -1
248: 10 237 -1
249: 740 -1
250: 218 204 205 247 336 659 10 0 310 361 452 415 360 -1
251: -1
252: -1
253: 352 -1
254: -1
255: -1
256: -1
257: -1
258: -1
259: -1
260: -1
261: -1
262: -1
263: -1
264: -1
265: -1
266: -1
267: -1
268: -1
269: -1
270: -1
271: -1
272: -1
273: 310 -1
274: 11 -1
275: 212 11 -1
276: 11 351 403 -1
277: 11 309 -1
278: 11 419 -1
279: 11 -1
280: 101 309 310 800 11 -1
281: 11 419 -1
282: 11 257 258 259 260 261 262 263 265 269 271 328 309 310 -1
283: -1
284: -1
285: -1
286: -1
287: -1
288: 336 -1
289: -1
290: -1
291: -1
292: -1
293: 101 455 18 12 291 -1
294: -1
295: 716 -1
296: -1
297: -1
298: 195 -1
299: 12 -1
300: 12 616 -1
301: -1
302: 798 18 -1
303: 12 -1
304: -1
305: -1
306: 305 -1
307: -1
308: -1
309: 426 -1
310: -1
311: 310 -1
312: -1
313: -1
314: -1
315: 15 -1
316: 15 -1
317: -1
318: -1
319: -1
320: -1
321: -1
322: -1
323: -1
324: -1
325: -1
326: -1
327: -1
328: -1
329: -1
330: -1
331: -1
332: -1
333: 334 -1
334: -1
335: -1
336: -1
337: -1
338: -1
339: -1
340: -1
341: 342 -1
342: -1
343: -1
344: -1
345: -1
346: 347 -1
347: -1
348: -1
349: 350 -1
350: -1
351: -1
352: -1
353: 183 -1
354: 363 -1
355: -1
356: -1
357: -1
358: -1
359: -1
360: 363 -1
361: 363 -1
362: 363 -1
363: -1
364: 17 -1
365: 17 -1
366: 817 17 -1
367: 17 799 101 195 301 265 -1
368: 17 -1
369: 163 -1
370: 18 373 309 310 -1
371: 373 370 18 -1
372: 370 -1
373: -1
374: 18 -1
375: 285 18 611 447 -1
376: 554 -1
377: 388 389 390 451 380 342 178 -1
378: 388 389 390 451 380 342 178 -1
379: -1
380: -1
381: -1
382: -1
383: 554 -1
384: 341 345 651 135 217 242 792 -1
385: -1
386: 554 -1
387: -1
388: -1
389: -1
390: -1
391: -1
392: -1
393: -1
394: 395 396 -1
395: -1
396: 395 -1
397: -1
398: -1
399: -1
400: -1
401: 716 -1
402: -1
403: -1
404: -1
405: 554 -1
406: 21 -1
407: 21 -1
408: -1
409: -1
410: -1
411: -1
412: -1
413: -1
414: -1
415: -1
416: -1
417: 420 421 422 -1
418: 421 422 420 -1
419: 420 421 422 -1
420: -1
421: 422 420 -1
422: -1
423: 422 -1
424: -1
425: -1
426: -1
427: -1
428: 436 432 305 -1
429: 305 -1
430: 305 -1
431: 305 -1
432: 554 -1
433: 305 -1
434: 554 -1
435: 436 305 -1
436: -1
437: 305 -1
438: 332 -1
439: 363 -1
440: 32 -1
441: -1
442: -1
443: -1
444: -1
445: -1
446: -1
447: 445 444 -1
448: -1
449: -1
450: -1
451: 342 -1
452: -1
453: -1
454: 0 -1
455: 456 -1
456: -1
457: -1
458: 342 451 -1
459: -1
460: -1
461: -1
462: -1
463: -1
464: 178 463 46 -1
465: 178 46 0 -1
466: 47 -1
467: -1
468: -1
469: -1
470: -1
471: -1
472: 340 329 339 -1
473: -1
474: -1
475: 47 -1
476: 47 468 -1
477: -1
478: -1
479: -1
480: 180 -1
481: -1
482: 554 -1
483: 47 323 -1
484: 47 -1
485: 47 -1
486: 47 -1
487: 47 -1
488: 47 179 -1
489: 47 178 -1
490: 47 474 179 178 554 -1
491: 47 468 -1
492: 47 -1
493: 47 -1
494: 47 477 -1
495: 47 -1
496: 814 457 47 554 310 -1
497: 47 -1
498: 47 467 -1
499: 474 47 -1
500: 558 47 -1
501: 47 -1
502: 474 47 -1
503: 47 -1
504: 494 47 179 554 -1
505: 474 47 502 477 180 -1
506: 310 47 -1
507: 494 47 -1
508: 474 47 179 178 -1
509: 47 473 -1
510: 47 -1
511: 47 494 178 554 -1
512: 47 179 478 -1
513: 178 558 556 474 47 -1
514: 47 -1
515: 47 -1
516: 310 426 47 -1
517: 494 47 179 554 -1
518: 48 349 350 305 327 183 -1
519: -1
520: -1
521: -1
522: -1
523: -1
524: -1
525: -1
526: -1
527: -1
528: -1
529: -1
530: -1
531: 519 520 521 522 523 524 525 526 527 528 529 530 532 535 536 -1
532: -1
533: -1
534: 519 520 521 522 523 524 525 526 527 528 529 530 532 535 536 -1
535: -1
536: -1
537: 684 -1
538: 1 0 18 12 4 -1
539: 388 101 310 426 456 52 0 452 -1
540: 310 547 52 455 101 0 454 -1
541: 309 161 52 -1
542: 52 195 -1
543: 52 -1
544: 52 -1
545: 52 195 -1
546: 52 0 -1
547: 52 455 101 -1
548: 52 137 -1
549: 164 52 0 308 254 147 284 454 600 153 310 797 426 -1
550: 305 -1
551: -1
552: -1
553: -1
554: -1
555: -1
556: -1
557: 555 558 -1
558: 557 -1
559: -1
560: -1
561: -1
562: -1
563: -1
564: -1
565: -1
566: 564 -1
567: 5 753 -1
568: 53 -1
569: 53 -1
570: 557 -1
571: 53 -1
572: 53 593 696 -1
573: 474 53 555 178 -1
574: 53 558 555 0 178 742 750 740 -1
575: 557 53 753 361 -1
576: 178 53 560 558 395 396 -1
577: 53 -1
578: 53 -1
579: 53 -1
580: 593 53 -1
581: 53 558 556 561 101 195 560 -1
582: 53 -1
583: 178 53 426 817 -1
584: 53 -1
585: 558 53 -1
586: 53 -1
587: 558 53 474 178 554 -1
588: 558 -1
589: 53 -1
590: 562 563 564 -1
591: 53 -1
592: 474 179 564 180 53 -1
593: 53 -1
594: 53 -1
595: 621 -1
596: -1
597: -1
598: 595 -1
599: 621 -1
600: -1
601: -1
602: -1
603: -1
604: -1
605: -1
606: -1
607: -1
608: -1
609: -1
610: -1
611: -1
612: -1
613: 616 195 -1
614: -1
615: 621 -1
616: 613 617 621 606 -1
617: 616 -1
618: 617 616 -1
619: 620 310 -1
620: -1
621: 615 614 616 -1
622: -1
623: -1
624: -1
625: -1
626: 595 -1
627: 616 -1
628: -1
629: 606 -1
630: -1
631: 54 -1
632: 54 -1
633: 54 -1
634: 54 -1
635: 54 646 -1
636: 54 -1
637: 54 -1
638: 54 447 -1
639: 54 -1
640: 54 257 -1
641: 305 54 595 -1
642: 54 -1
643: 608 54 -1
644: 621 54 -1
645: 54 -1
646: 54 645 101 452 628 -1
647: 750 54 -1
648: 621 54 -1
649: 787 310 54 645 101 452 628 -1
650: 760 54 -1
651: -1
652: 758 665 55 750 740 -1
653: 742 55 -1
654: 55 310 445 -1
655: 663 361 748 750 55 742 178 -1
656: 55 740 403 -1
657: 160 358 745 661 452 742 758 746 55 659 153 798 218 663 740 -1
658: 651 55 -1
659: 379 55 740 403 415 -1
660: 55 740 403 -1
661: 742 663 55 -1
662: 379 55 797 153 187 345 740 403 415 0 -1
663: 361 748 750 55 742 -1
664: 659 55 -1
665: 659 749 55 -1
666: 742 55 361 663 153 800 760 101 0 696 426 310 -1
667: 361 742 55 663 765 800 760 153 311 101 0 696 426 310 -1
668: 379 55 740 403 415 -1
669: -1
670: 56 -1
671: 699 673 687 688 696 -1
672: -1
673: 671 688 696 -1
674: 671 672 696 -1
675: 671 672 696 -1
676: 671 684 685 686 696 -1
677: 671 696 -1
678: 687 688 696 -1
679: 687 688 696 -1
680: 671 698 696 -1
681: 671 696 -1
682: 687 688 696 -1
683: 687 688 696 -1
684: -1
685: 696 -1
686: -1
687: 696 -1
688: 696 -1
689: -1
690: 671 672 678 679 682 683 696 -1
691: 671 672 678 679 682 683 687 696 -1
692: 671 672 678 679 682 683 696 -1
693: 671 672 696 -1
694: 671 672 696 -1
695: 671 672 696 -1
696: 687 -1
697: -1
698: -1
699: 671 696 -1
700: 671 696 -1
701: 671 696 -1
702: 57 447 819 -1
703: 57 671 697 -1
704: 57 -1
705: 696 687 57 -1
706: -1
707: -1
708: -1
709: -1
710: -1
711: 708 709 713 -1
712: 713 716 -1
713: 708 710 59 678 -1
714: -1
715: 59 713 716 -1
716: -1
717: 59 -1
718: 711 -1
719: 711 -1
720: 711 59 -1
721: 711 -1
722: 711 -1
723: 711 -1
724: 711 682 -1
725: -1
726: 711 -1
727: 711 -1
728: 711 59 -1
729: 711 -1
730: -1
731: 59 -1
732: 59 713 -1
733: 818 -1
734: 818 -1
735: 59 -1
736: 148 310 -1
737: 696 59 -1
738: 59 -1
739: 361 740 797 -1
740: 363 -1
741: -1
742: 663 740 -1
743: -1
744: 746 739 663 740 790 802 307 362 361 335 322 749 742 -1
745: -1
746: -1
747: 554 -1
748: -1
749: -1
750: -1
751: -1
752: -1
753: -1
754: -1
755: -1
756: -1
757: -1
758: 744 663 363 -1
759: 554 -1
760: -1
761: -1
762: -1
763: 760 -1
764: -1
765: -1
766: 554 -1
767: 554 -1
768: -1
769: 554 -1
770: 554 -1
771: -1
772: -1
773: -1
774: -1
775: -1
776: -1
777: -1
778: -1
779: 203 -1
780: 759 746 -1
781: 750 744 310 752 -1
782: 426 310 742 663 -1
783: 750 -1
784: 742 -1
785: 61 -1
786: 61 -1
787: -1
788: 787 62 -1
789: 62 444 -1
790: 750 -1
791: 795 -1
792: -1
793: -1
794: -1
795: -1
796: 195 -1
797: 310 -1
798: -1
799: -1
800: -1
801: -1
802: -1
803: 330 233 176 269 379 242 63 237 408 -1
804: 63 -1
805: -1
806: -1
807: -1
808: -1
809: -1
810: -1
811: 822 812 -1
812: -1
813: -1
814: 812 -1
815: 805 -1
816: 805 -1
817: -1
818: -1
819: -1
820: 64 309 -1
821: 64 -1
822: 64 -1
823: 64 -1
824: 64 812 -1
825: 64 -1
826: 64 -1
827: 64 -1
828: 64 -1
829: 817 818 64 -1
830: 178 64 -1
831: 64 426 -1
